+0 000 001 000
+0 000 000 000
+0 001 001 000
+0 000 000 001
+0 002 001 000
+0 000 000 000
+0 003 001 000
+0 000 000 000
+0 004 001 000
+0 000 000 000
+0 005 001 000
+0 000 000 000
+0 006 001 000
+0 000 000 000
+0 007 001 000
+0 000 000 000
+0 008 005 000
+0 000 000 666
+9 999 999 999
+8 000 000 006
+8 000 000 007
-6 007 008 002
+7 002 006 001
+6 008 000 004
+6 008 000 005
+0 000 000 002
+6 008 002 007
+1 003 007 003
+5 007 004 011
+0 007 000 004
+5 005 007 013
+0 007 000 005
+7 002 006 007
-8 003 000 000
-8 004 000 000
-8 005 000 000
+9 000 000 000
+9 999 999 999
+0 000 000 005
+0 000 000 003
-0 000 000 002
-0 000 000 005
+0 000 000 007
+0 000 000 008